#
# lreps: the lexical representations.
#
# This file contains the lexical word labels and representations.
# First give the number of components in the word representations.
#
nwordrep 10
#
# After the keyword "word-representations" give the definitions one per line,
#  each beginning with the label and followed by the representation components.
# The order of words must match those in the semantic word representation file.
# Do not put any comments or other junk inside the representation definitions.
#
word-representations
WAITER 0.84375 0.53125 0.28125 0.4375 0.75 0.78125 0.0 0.0 0.0 0.0
CASHIER 0.53125 0.53125 0.59375 0.71875 0.28125 0.75 0.78125 0.0 0.0 0.0
CONDUCTOR 0.53125 0.6875 0.71875 0.6875 0.59375 0.53125 0.4375 0.6875 0.78125 0.0
STAFF 0.59375 0.4375 0.53125 0.53125 0.53125 0.0 0.0 0.0 0.0 0.0
DRIVER 0.6875 0.78125 0.28125 0.46875 0.75 0.78125 0.0 0.0 0.0 0.0
WENT 0.84375 0.75 0.71875 0.4375 0.0 0.0 0.0 0.0 0.0 0.0
SEATED 0.59375 0.75 0.53125 0.4375 0.75 0.6875 0.0 0.0 0.0 0.0
ASKED 0.53125 0.59375 0.5625 0.75 0.6875 0.0 0.0 0.0 0.0 0.0
WAITED 0.84375 0.53125 0.28125 0.4375 0.75 0.6875 0.0 0.0 0.0 0.0
ATE 0.53125 0.4375 0.75 0.0 0.0 0.0 0.0 0.0 0.0 0.0
TASTED 0.4375 0.53125 0.59375 0.4375 0.75 0.6875 0.0 0.0 0.0 0.0
PAID 0.65625 0.53125 0.28125 0.6875 0.0 0.0 0.0 0.0 0.0 0.0
LEFT 0.40625 0.75 0.53125 0.4375 0.0 0.0 0.0 0.0 0.0 0.0
PUNCHED 0.65625 0.59375 0.71875 0.53125 0.71875 0.75 0.6875 0.0 0.0 0.0
TRAVELED 0.4375 0.78125 0.53125 0.46875 0.75 0.40625 0.75 0.6875 0.0 0.0
LOOKED 0.40625 0.6875 0.6875 0.5625 0.75 0.6875 0.0 0.0 0.0 0.0
TRIED 0.4375 0.78125 0.28125 0.75 0.6875 0.0 0.0 0.0 0.0 0.0
COMPARED 0.53125 0.6875 1.0 0.65625 0.53125 0.78125 0.75 0.6875 0.0 0.0
TOOK 0.4375 0.6875 0.6875 0.5625 0.0 0.0 0.0 0.0 0.0 0.0
CHECKED-IN 0.53125 0.71875 0.75 0.53125 0.5625 0.75 0.6875 0.15625 0.28125 0.71875
TOOK-OFF 0.4375 0.6875 0.6875 0.5625 0.15625 0.6875 0.53125 0.53125 0.0 0.0
GOT-ON 0.78125 0.6875 0.4375 0.15625 0.6875 0.71875 0.0 0.0 0.0 0.0
ARRIVED 0.53125 0.78125 0.78125 0.28125 0.46875 0.75 0.6875 0.0 0.0 0.0
GOT-OFF 0.78125 0.6875 0.4375 0.15625 0.6875 0.53125 0.53125 0.0 0.0 0.0
BOUGHT 0.84375 0.6875 0.59375 0.78125 0.71875 0.4375 0.0 0.0 0.0 0.0
TIP 0.4375 0.28125 0.65625 0.0 0.0 0.0 0.0 0.0 0.0 0.0
NONE 0.71875 0.6875 0.71875 0.75 0.0 0.0 0.0 0.0 0.0 0.0
LINE 0.40625 0.28125 0.71875 0.75 0.0 0.0 0.0 0.0 0.0 0.0
SEVERAL 0.59375 0.75 0.46875 0.75 0.78125 0.53125 0.40625 0.0 0.0 0.0
PRICES 0.65625 0.78125 0.28125 0.53125 0.75 0.59375 0.0 0.0 0.0 0.0
GOOD 0.78125 0.6875 0.6875 0.6875 0.0 0.0 0.0 0.0 0.0 0.0
BAD 0.84375 0.53125 0.6875 0.0 0.0 0.0 0.0 0.0 0.0 0.0
BIG 0.84375 0.28125 0.78125 0.0 0.0 0.0 0.0 0.0 0.0 0.0
SMALL 0.59375 1.0 0.53125 0.40625 0.40625 0.0 0.0 0.0 0.0 0.0
BEST 0.84375 0.75 0.59375 0.4375 0.0 0.0 0.0 0.0 0.0 0.0
QUESTIONS 0.71875 0.59375 0.75 0.59375 0.4375 0.28125 0.6875 0.71875 0.59375 0.0
CART 0.53125 0.53125 0.78125 0.4375 0.0 0.0 0.0 0.0 0.0 0.0
GATE 0.78125 0.53125 0.4375 0.75 0.0 0.0 0.0 0.0 0.0 0.0
FLIGHT 0.53125 0.40625 0.28125 0.78125 0.71875 0.4375 0.0 0.0 0.0 0.0
BOARDING 0.84375 0.6875 0.53125 0.78125 0.6875 0.28125 0.71875 0.78125 0.0 0.0
TICKET 0.4375 0.28125 0.53125 0.5625 0.75 0.4375 0.0 0.0 0.0 0.0
PLANE 0.65625 0.40625 0.53125 0.71875 0.75 0.0 0.0 0.0 0.0 0.0
TRAIN 0.4375 0.78125 0.53125 0.28125 0.71875 0.0 0.0 0.0 0.0 0.0
BUS 0.84375 0.59375 0.59375 0.0 0.0 0.0 0.0 0.0 0.0 0.0
DISTANCE 0.6875 0.28125 0.59375 0.4375 0.53125 0.71875 0.53125 0.75 0.0 0.0
. 0.03125 0.0 0.0 0.0 0.0 0.0 0.0 0.0 0.0 0.0
A 0.53125 0.0 0.0 0.0 0.0 0.0 0.0 0.0 0.0 0.0
THE 0.4375 0.71875 0.75 0.0 0.0 0.0 0.0 0.0 0.0 0.0
ABOUT 0.53125 0.84375 0.6875 0.59375 0.4375 0.0 0.0 0.0 0.0 0.0
FOR 0.53125 0.6875 0.78125 0.0 0.0 0.0 0.0 0.0 0.0 0.0
FROM 0.53125 0.78125 0.6875 1.0 0.0 0.0 0.0 0.0 0.0 0.0
TO 0.4375 0.6875 0.0 0.0 0.0 0.0 0.0 0.0 0.0 0.0
AT 0.53125 0.4375 0.0 0.0 0.0 0.0 0.0 0.0 0.0 0.0
ON 0.6875 0.71875 0.0 0.0 0.0 0.0 0.0 0.0 0.0 0.0
IN 0.28125 0.71875 0.0 0.0 0.0 0.0 0.0 0.0 0.0 0.0
? 0.40625 0.0 0.0 0.0 0.0 0.0 0.0 0.0 0.0 0.0
WHO 0.84375 0.71875 0.6875 0.0 0.0 0.0 0.0 0.0 0.0 0.0
WHAT 0.84375 0.71875 0.53125 0.4375 0.0 0.0 0.0 0.0 0.0 0.0
WHERE 0.84375 0.71875 0.75 0.78125 0.75 0.0 0.0 0.0 0.0 0.0
HOW 0.71875 0.6875 0.84375 0.0 0.0 0.0 0.0 0.0 0.0 0.0
DID 0.6875 0.28125 0.6875 0.0 0.0 0.0 0.0 0.0 0.0 0.0
EAT 0.75 0.53125 0.4375 0.0 0.0 0.0 0.0 0.0 0.0 0.0
LIKE 0.40625 0.28125 0.5625 0.75 0.0 0.0 0.0 0.0 0.0 0.0
THOUGHT 0.4375 0.71875 0.6875 0.59375 0.78125 0.71875 0.4375 0.0 0.0 0.0
WAS 0.84375 0.53125 0.59375 0.0 0.0 0.0 0.0 0.0 0.0 0.0
BUY 0.84375 0.59375 0.375 0.0 0.0 0.0 0.0 0.0 0.0 0.0
TAKE 0.4375 0.53125 0.5625 0.75 0.0 0.0 0.0 0.0 0.0 0.0
TRAVEL 0.4375 0.78125 0.53125 0.46875 0.75 0.40625 0.0 0.0 0.0 0.0
JOHN 0.40625 0.6875 0.71875 0.71875 0.0 0.0 0.0 0.0 0.0 0.0
MARY 1.0 0.53125 0.78125 0.375 0.0 0.0 0.0 0.0 0.0 0.0
MAMAISON 1.0 0.53125 1.0 0.53125 0.28125 0.59375 0.6875 0.71875 0.0 0.0
LEONE'S 0.40625 0.75 0.6875 0.71875 0.75 0.0625 0.59375 0.0 0.0 0.0
LOBSTER 0.40625 0.6875 0.84375 0.59375 0.4375 0.75 0.78125 0.0 0.0 0.0
STEAK 0.59375 0.4375 0.75 0.53125 0.5625 0.0 0.0 0.0 0.0 0.0
DENNY'S 0.6875 0.75 0.71875 0.71875 0.375 0.0625 0.59375 0.0 0.0 0.0
NORMS 0.71875 0.6875 0.78125 1.0 0.59375 0.0 0.0 0.0 0.0 0.0
SPAGHETTI 0.59375 0.65625 0.53125 0.78125 0.71875 0.75 0.4375 0.4375 0.28125 0.0
FISH 0.53125 0.28125 0.59375 0.71875 0.0 0.0 0.0 0.0 0.0 0.0
MCDONALD'S 1.0 0.53125 0.6875 0.6875 0.71875 0.53125 0.40625 0.6875 0.0625 0.59375
BURGERKING 0.84375 0.59375 0.78125 0.78125 0.75 0.78125 0.5625 0.28125 0.71875 0.78125
HAMBURGER 0.71875 0.53125 1.0 0.84375 0.59375 0.78125 0.78125 0.75 0.78125 0.0
FRIES 0.53125 0.78125 0.28125 0.75 0.59375 0.0 0.0 0.0 0.0 0.0
BROADWAY 0.84375 0.78125 0.6875 0.53125 0.6875 0.84375 0.53125 0.375 0.0 0.0
BULLOCK'S 0.84375 0.59375 0.40625 0.40625 0.6875 0.53125 0.5625 0.0625 0.59375 0.0
SHOES 0.59375 0.71875 0.6875 0.75 0.59375 0.0 0.0 0.0 0.0 0.0
JEANS 0.40625 0.75 0.53125 0.71875 0.59375 0.0 0.0 0.0 0.0 0.0
RADIOSHACK 0.78125 0.53125 0.6875 0.28125 0.6875 0.59375 0.71875 0.53125 0.53125 0.5625
CIRCUITCTY 0.53125 0.28125 0.78125 0.53125 0.59375 0.28125 0.4375 0.53125 0.4375 0.375
CD-PLAYER 0.53125 0.6875 0.15625 0.65625 0.40625 0.53125 0.375 0.75 0.78125 0.0
TV 0.4375 0.46875 0.0 0.0 0.0 0.0 0.0 0.0 0.0 0.0
RALPH'S 0.78125 0.53125 0.40625 0.65625 0.71875 0.0625 0.59375 0.0 0.0 0.0
SAFEWAY 0.59375 0.53125 0.53125 0.75 0.84375 0.53125 0.375 0.0 0.0 0.0
SOFTDRINKS 0.59375 0.6875 0.53125 0.4375 0.6875 0.78125 0.28125 0.71875 0.5625 0.59375
VEGETABLES 0.46875 0.75 0.78125 0.75 0.4375 0.53125 0.84375 0.40625 0.75 0.59375
LAX 0.40625 0.53125 0.53125 0.0 0.0 0.0 0.0 0.0 0.0 0.0
DFW 0.6875 0.53125 0.84375 0.0 0.0 0.0 0.0 0.0 0.0 0.0
JFK 0.40625 0.53125 0.5625 0.0 0.0 0.0 0.0 0.0 0.0 0.0
SFO 0.59375 0.53125 0.6875 0.0 0.0 0.0 0.0 0.0 0.0 0.0
CENTRALSTA 0.53125 0.75 0.71875 0.4375 0.78125 0.53125 0.40625 0.59375 0.4375 0.53125
DOWNTOWNST 0.6875 0.6875 0.84375 0.71875 0.4375 0.6875 0.84375 0.71875 0.59375 0.4375
NEWYORK 0.71875 0.75 0.84375 0.375 0.6875 0.78125 0.5625 0.0 0.0 0.0
BOSTON 0.84375 0.6875 0.59375 0.4375 0.6875 0.71875 0.0 0.0 0.0 0.0
BUS-TERMIN 0.84375 0.59375 0.59375 0.15625 0.4375 0.75 0.78125 1.0 0.28125 0.71875
BUS-STOP 0.84375 0.59375 0.59375 0.15625 0.59375 0.4375 0.6875 0.65625 0.0 0.0
DOWNTOWN 0.6875 0.6875 0.84375 0.71875 0.4375 0.6875 0.84375 0.71875 0.0 0.0
BEACH 0.84375 0.75 0.53125 0.53125 0.71875 0.0 0.0 0.0 0.0 0.0
